%%
2220.8740234375000000
-9.9601593017578125
-9.9601593017578125
-8.1967210769653320
-8.1967210769653320
-4.0518641471862793
-4.0518641471862793
5.4106698036193848
-5.4106698036193848
-5.4106698036193848
13.5708599090576172
-5.6657228469848633
-5.6657228469848633
-7.9051380157470703
-7.9051380157470703
618.3967895507812500
-91.9963226318359375
-91.9963226318359375
-100.0000000000000000
-100.0000000000000000
-294.1176147460937500
-294.1176147460937500
-53.5045509338378906
-53.5045509338378906
-73.3675689697265625
-73.3675689697265625
8.0000000000000000
-8.0000000000000000
-8.0000000000000000
5.2511119842529297
-1.5267180204391479
-1.5267180204391479
-3.7243950366973877
-3.7243950366973877
12.5098104476928711
-0.5000000000000000
-0.5000000000000000
-2.6191720962524414
-2.6191720962524414
-3.6036040782928467
-3.6036040782928467
-5.7870368957519531
-5.7870368957519531
91.9963226318359375
10.2145004272460938
-10.2145004272460938
-10.2145004272460938
277.3765869140625000
-127.2265014648437500
-127.2265014648437500
-150.1501007080078125
-150.1501007080078125
79.8003387451171875
-50.3018112182617188
-50.3018112182617188
-29.4985294342041016
-29.4985294342041016
13.0155696868896484
-1.3333330154418945
-1.3333330154418945
-2.1584289073944092
-2.1584289073944092
-9.5238094329833984
-9.5238094329833984
1.3333330154418945
2.1584289073944092
7.0126228332519531
-7.0126228332519531
-7.0126228332519531
60.1257591247558594
-21.7864894866943359
-21.7864894866943359
-7.0372967720031738
-7.0372967720031738
-4.8053817749023438
-4.8053817749023438
100.1223983764648438
-17.6056308746337891
-17.6056308746337891
-17.6056308746337891
-17.6056308746337891
-14.3061504364013672
-14.3061504364013672
-28.8184509277343750
-28.8184509277343750
0.5000000000000000
7.0372967720031738
17.6056308746337891
17.6056308746337891
105.8066024780273438
-37.3134307861328125
-37.3134307861328125
-68.4931488037109375
-68.4931488037109375
238.1596069335937500
-81.9672164916992188
-81.9672164916992188
-108.6956024169921875
-108.6956024169921875
-10.1833000183105469
-10.1833000183105469
7.8064022064208984
-7.8064022064208984
-7.8064022064208984
25.0479907989501953
-4.7415838241577148
-4.7415838241577148
-12.5000000000000000
-12.5000000000000000
72.5843582153320312
-42.3728790283203125
-42.3728790283203125
-30.2114791870117188
-30.2114791870117188
423.7287902832031250
-423.7287902832031250
-423.7287902832031250
1022.7340087890625000
-3.7674720287322998
-3.7674720287322998
-595.2380981445312500
-595.2380981445312500
7.6136960983276367
-4.3878889083862305
-4.3878889083862305
-3.2258059978485107
-3.2258059978485107
5.4288821220397949
-5.4288821220397949
-5.4288821220397949
28.9126796722412109
-17.0940208435058594
-17.0940208435058594
-6.3897771835327148
-6.3897771835327148
16.3765697479248047
-5.0000000000000000
-5.0000000000000000
-11.3765602111816406
-11.3765602111816406
106.1647033691406250
-62.1118011474609375
-62.1118011474609375
-44.0528602600097656
-44.0528602600097656
62.1118011474609375
13.6054401397705078
-13.6054401397705078
-13.6054401397705078
1122.9040527343750000
-1111.1109619140625000
-1111.1109619140625000
-11.7924499511718750
-11.7924499511718750
208.5615997314453125
-8.5616436004638672
-8.5616436004638672
-200.0000000000000000
-200.0000000000000000
19.2869606018066406
-11.0497198104858398
-11.0497198104858398
-8.2372322082519531
-8.2372322082519531
50.4298095703125000
-22.5733604431152344
-22.5733604431152344
-16.8067207336425781
-16.8067207336425781
107.3190994262695312
-84.7457580566406250
-84.7457580566406250
1125.3079833984375000
-11.6550102233886719
-11.6550102233886719
-1111.1109619140625000
-1111.1109619140625000
-2.5419418811798096
-2.5419418811798096
40.6302413940429688
-34.8432006835937500
-34.8432006835937500
-5.7870368957519531
-5.7870368957519531
32.2580604553222656
-32.2580604553222656
-32.2580604553222656
50.4519386291503906
-11.9904098510742188
-11.9904098510742188
-38.4615402221679688
-38.4615402221679688
21.8901100158691406
-6.2932658195495605
-6.2932658195495605
-4.9975008964538574
-4.9975008964538574
-5.3361787796020508
-5.3361787796020508
-5.2631578445434570
-5.2631578445434570
14.9534797668457031
-6.7567567825317383
-6.7567567825317383
29.2795295715332031
-3.4199728965759277
-3.4199728965759277
-14.2045497894287109
-14.2045497894287109
1682.9859619140625000
-114.0251007080078125
-114.0251007080078125
-1333.3330078125000000
-1333.3330078125000000
-180.1802062988281250
-180.1802062988281250
-55.4477386474609375
-55.4477386474609375
65.3933715820312500
-47.6190490722656250
-47.6190490722656250
-6.0096149444580078
-6.0096149444580078
-11.7647104263305664
-11.7647104263305664
168.4125061035156250
-111.1110992431640625
-111.1110992431640625
-5.0761418342590332
-5.0761418342590332
-4.6061730384826660
-4.6061730384826660
39.4463500976562500
-24.2718391418457031
-24.2718391418457031
-15.1745100021362305
-15.1745100021362305
10.4849996566772461
-4.8192768096923828
-4.8192768096923828
89.1608428955078125
-37.8787918090820312
-37.8787918090820312
-51.2820510864257812
-51.2820510864257812
14.7029495239257812
-6.8965520858764648
-6.8965520858764648
-7.8064022064208984
-7.8064022064208984
40.8459510803222656
-21.9780197143554688
-21.9780197143554688
-18.8679294586181641
-18.8679294586181641
20.8446807861328125
-9.6339111328125000
-9.6339111328125000
-11.2107601165771484
-11.2107601165771484
19.2146091461181641
-14.4092197418212891
-14.4092197418212891
8.2908163070678711
-6.2500000000000000
-6.2500000000000000
-2.0408160686492920
-2.0408160686492920
63.9985389709472656
-13.8888902664184570
-13.8888902664184570
-43.8596496582031250
-43.8596496582031250
2.0408160686492920
25.7062702178955078
-18.1818199157714844
-18.1818199157714844
-7.5244550704956055
-7.5244550704956055
8.0840740203857422
-8.0840740203857422
-8.0840740203857422
17.0013809204101562
-0.6702412962913513
-0.6702412962913513
-3.3411300182342529
-3.3411300182342529
-9.5238094329833984
-9.5238094329833984
-3.4662039279937744
-3.4662039279937744
0.6702412962913513
68.6351089477539062
-56.1797790527343750
-56.1797790527343750
-5.6433410644531250
-5.6433410644531250
-6.8119888305664062
-6.8119888305664062
56.1797790527343750
794.4359130859375000
-9.7276268005371094
-9.7276268005371094
-714.2858276367187500
-714.2858276367187500
-70.4225311279296875
-70.4225311279296875
63.7407913208007812
-23.4192008972167969
-23.4192008972167969
-15.0761404037475586
-15.0761404037475586
-10.7526903152465820
-10.7526903152465820
-14.4927501678466797
-14.4927501678466797
9.7276268005371094
898.1735839843750000
-64.1025695800781250
-64.1025695800781250
-8.4674005508422852
-8.4674005508422852
-49.6277885437011719
-49.6277885437011719
-15.0150098800659180
-15.0150098800659180
-23.2558097839355469
-23.2558097839355469
309.7514038085937500
-22.5225200653076172
-22.5225200653076172
-22.5225200653076172
-22.5225200653076172
-27.0270309448242188
-27.0270309448242188
-57.4712600708007812
-57.4712600708007812
-45.6829605102539062
-45.6829605102539062
44.6596107482910156
-8.2918739318847656
-8.2918739318847656
-8.4245996475219727
-8.4245996475219727
-2.1739130020141602
-2.1739130020141602
-2.2256839275360107
-2.2256839275360107
10.7526903152465820
22.5225200653076172
22.5225200653076172
27.0270309448242188
43.2569618225097656
-11.6279096603393555
-11.6279096603393555
-25.6410293579101562
-25.6410293579101562
-5.9880242347717285
-5.9880242347717285
14.9548597335815430
-1.3241519927978516
-1.3241519927978516
-2.0028040409088135
-2.0028040409088135
59.7835884094238281
-18.9933490753173828
-18.9933490753173828
-18.5185203552246094
-18.5185203552246094
-22.2717208862304688
-22.2717208862304688
76.9893188476562500
-9.7656250000000000
-9.7656250000000000
-3.3322229385375977
-3.3322229385375977
-9.6618356704711914
-9.6618356704711914
-33.3333396911621094
-33.3333396911621094
-1.9029500484466553
-1.9029500484466553
54.8651313781738281
-34.2465705871582031
-34.2465705871582031
-20.6185607910156250
-20.6185607910156250
130.6548004150390625
-106.3830032348632812
-106.3830032348632812
8.6511688232421875
-4.8804302215576172
-4.8804302215576172
-3.7707390785217285
-3.7707390785217285
18.5295391082763672
-4.1203131675720215
-4.1203131675720215
318.4946899414062500
-294.1176147460937500
-294.1176147460937500
-14.0252504348754883
-14.0252504348754883
-3.5448420047760010
-3.5448420047760010
-3.0395140647888184
-3.0395140647888184
11.6143999099731445
-11.6143999099731445
-11.6143999099731445
55.8730201721191406
-40.0000000000000000
-40.0000000000000000
-15.8730201721191406
-15.8730201721191406
345.7320861816406250
8.1511335372924805
-4.8100051879882812
-4.8100051879882812
215.0901031494140625
-125.0000000000000000
-125.0000000000000000
-90.0901031494140625
-90.0901031494140625
295.4284973144531250
-38.7596893310546875
-38.7596893310546875
-38.9105110168457031
-38.9105110168457031
-11.5340299606323242
-11.5340299606323242
-23.7529697418212891
-23.7529697418212891
79.7815093994140625
-74.6268692016601562
-74.6268692016601562
-5.1546387672424316
-5.1546387672424316
38.7596893310546875
38.9105110168457031
94.0535583496093750
-7.8926601409912109
-7.8926601409912109
7.8926601409912109
17.5513305664062500
-10.7991399765014648
-10.7991399765014648
-6.7521939277648926
-6.7521939277648926
15.5732898712158203
-5.8927521705627441
-5.8927521705627441
-9.6805419921875000
-9.6805419921875000
76.2711868286132812
-33.8983001708984375
-33.8983001708984375
1230.3370361328125000
-116.2790985107421875
-116.2790985107421875
-769.2307739257812500
-769.2307739257812500
-344.8276062011718750
-344.8276062011718750
26.0416698455810547
-26.0416698455810547
-26.0416698455810547
79.6698913574218750
-22.4719104766845703
-22.4719104766845703
-10.0000000000000000
-10.0000000000000000
-9.1659030914306641
-9.1659030914306641
104.4049987792968750
-55.6483001708984375
-55.6483001708984375
-48.7567100524902344
-48.7567100524902344
85.5357894897460938
-4.7169809341430664
-4.7169809341430664
-17.7935905456542969
-17.7935905456542969
-18.3823509216308594
-18.3823509216308594
-44.6428604125976562
-44.6428604125976562
4.7169809341430664
14.4092197418212891
-14.4092197418212891
-14.4092197418212891
41.1329498291015625
-20.0803203582763672
-20.0803203582763672
-21.0526294708251953
-21.0526294708251953
91.6945266723632812
-72.4637680053710938
-72.4637680053710938
-19.2307701110839844
-19.2307701110839844
9.7847356796264648
-9.7847356796264648
-9.7847356796264648
1.0298659801483154
-1.0298659801483154
-1.0298659801483154
2.1645019054412842
-2.1645019054412842
-2.1645019054412842
26.6899604797363281
-3.4928400516510010
-3.4928400516510010
-6.8027210235595703
-6.8027210235595703
-3.4152998924255371
-3.4152998924255371
140.1105041503906250
-36.7647094726562500
-36.7647094726562500
-37.3134307861328125
-37.3134307861328125
-46.9483604431152344
-46.9483604431152344
-19.0839691162109375
-19.0839691162109375
14.0104398727416992
-2.6041669845581055
-2.6041669845581055
-5.3966541290283203
-5.3966541290283203
13.9848299026489258
-3.3806629180908203
-3.3806629180908203
32.2401809692382812
-18.2149391174316406
-18.2149391174316406
36.7678108215332031
-18.5528793334960938
-18.5528793334960938
29.7563304901123047
-19.0839691162109375
-19.0839691162109375
-10.6723604202270508
-10.6723604202270508
28.7154808044433594
-10.1625995635986328
-10.1625995635986328
176.9230957031250000
-76.9230728149414062
-76.9230728149414062
16.9491500854492188
-16.9491500854492188
-16.9491500854492188
33.9419593811035156
-5.7836899757385254
-5.7836899757385254
-12.9032297134399414
-12.9032297134399414
-9.6339111328125000
-9.6339111328125000
-5.6211352348327637
-5.6211352348327637
38.0870513916015625
-7.5187969207763672
-7.5187969207763672
-3.0184121131896973
-3.0184121131896973
28.7178802490234375
3.2948930263519287
-3.2948930263519287
-3.2948930263519287
10.2830095291137695
-6.9881210327148438
-6.9881210327148438
39.1090888977050781
-19.8412704467773438
-19.8412704467773438
-19.2678203582763672
-19.2678203582763672
56.2528305053710938
-18.9393901824951172
-18.9393901824951172
-37.3134307861328125
-37.3134307861328125
19.8412704467773438
15.9744396209716797
-15.9744396209716797
-15.9744396209716797
15.9744396209716797
-15.9744396209716797
-15.9744396209716797
18.3823509216308594
-18.3823509216308594
-18.3823509216308594
62.1118011474609375
-62.1118011474609375
-62.1118011474609375
54.3478202819824219
-54.3478202819824219
-54.3478202819824219
22.5733604431152344
-22.5733604431152344
-22.5733604431152344
405.7851867675781250
-333.3333129882812500
-333.3333129882812500
-59.1716003417968750
-59.1716003417968750
-13.2802095413208008
-13.2802095413208008
444.0340881347656250
-370.3703918457031250
-370.3703918457031250
-60.2409591674804688
-60.2409591674804688
-13.4228200912475586
-13.4228200912475586
125.4901962280273438
-58.8235206604003906
-58.8235206604003906
-66.6666717529296875
-66.6666717529296875
13.5685195922851562
-13.5685195922851562
-13.5685195922851562
173.0337066650390625
754.0349121093750000
643.3154296875000000
-188.6791992187500000
-188.6791992187500000
-188.6791992187500000
-188.6791992187500000
-12.1802701950073242
-12.1802701950073242
-22.6244392395019531
-22.6244392395019531
274.5827941894531250
-31.5556907653808594
-31.5556907653808594
13.2802095413208008
13.4228200912475586
86.1757431030273438
-8.5763292312622070
-8.5763292312622070
-6.8780522346496582
-6.8780522346496582
-70.7213592529296875
-70.7213592529296875
31.8957901000976562
19.6078395843505859
-9.8039216995239258
-9.8039216995239258
-9.8039216995239258
-9.8039216995239258
36.0613517761230469
-20.6077899932861328
-20.6077899932861328
-15.4535598754882812
-15.4535598754882812
38.1282691955566406
-10.1010103225708008
-10.1010103225708008
52.8684806823730469
-5.3714351654052734
-5.3714351654052734
-2.4520020484924316
-2.4520020484924316
-45.0450515747070312
-45.0450515747070312
55.5094909667968750
-5.4436578750610352
-5.4436578750610352
-2.4467830657958984
-2.4467830657958984
-47.6190490722656250
-47.6190490722656250
29.8600692749023438
-15.6250000000000000
-15.6250000000000000
4.8987851142883301
218.7209014892578125
-17.3611106872558594
-17.3611106872558594
10009.6796875000000000
-10000.0000000000000000
-10000.0000000000000000
10004.7402343750000000
410.3966979980468750
95.7427902221679688
-40.7346801757812500
-40.7346801757812500
-10.0230503082275391
-10.0230503082275391
-21.1685009002685547
-21.1685009002685547
-16.4636192321777344
-16.4636192321777344
-7.3529410362243652
-7.3529410362243652
202.0149993896484375
-19.4363498687744141
-19.4363498687744141
-141.8439941406250000
-141.8439941406250000
2.2099449634552002
-2.2099449634552002
-2.2099449634552002
8.6686592102050781
-1.7721070051193237
-1.7721070051193237
132.4125976562500000
-22.5225200653076172
-22.5225200653076172
-109.8900985717773438
-109.8900985717773438
1076.9709472656250000
-999.9998779296875000
-999.9998779296875000
-15.5981903076171875
-15.5981903076171875
-27.3597793579101562
-27.3597793579101562
-34.0135993957519531
-34.0135993957519531
2.6191720962524414
11.8660898208618164
-8.0710248947143555
-8.0710248947143555
-3.7950661182403564
-3.7950661182403564
1022.5219726562500000
66.8002700805664062
-66.8002700805664062
-66.8002700805664062
77.0498962402343750
-4.9731450080871582
-4.9731450080871582
-5.2764878273010254
-5.2764878273010254
179.1667022705078125
-166.6667022705078125
-166.6667022705078125
76.9230728149414062
-76.9230728149414062
-76.9230728149414062
111.7662963867187500
618.7910156250000000
-19.4325695037841797
-19.4325695037841797
41.1108512878417969
-9.2421331405639648
-9.2421331405639648
-25.5754508972167969
-25.5754508972167969
41.5001983642578125
3.6764700412750244
-3.6764700412750244
-3.6764700412750244
5.4200539588928223
-5.4200539588928223
-5.4200539588928223
36.9436912536621094
-14.4717798233032227
-14.4717798233032227
14.3215198516845703
14.6412897109985352
-14.6412897109985352
-14.6412897109985352
89.8292617797851562
-75.1879730224609375
-75.1879730224609375
17.0940208435058594
48.7011489868164062
-3.3199429512023926
-3.3199429512023926
-10.1760501861572266
-10.1760501861572266
-16.6057796478271484
-16.6057796478271484
3.3199429512023926
10.1760501861572266
14.2949199676513672
38.5442504882812500
4.0978131294250488
-2.4283630847930908
-2.4283630847930908
-1.6694489717483521
-1.6694489717483521
0.1703577041625977
-0.1703577041625977
-0.1703577041625977
12.4391603469848633
-2.7449901103973389
-2.7449901103973389
209.3358001708984375
-8.0000000000000000
-8.0000000000000000
-12.0149002075195312
-12.0149002075195312
-17.8444004058837891
-17.8444004058837891
-30.4878005981445312
-30.4878005981445312
-14.1683197021484375
-14.1683197021484375
-36.5630683898925781
-36.5630683898925781
29.5478305816650391
-10.2009601593017578
-10.2009601593017578
-11.3468704223632812
-11.3468704223632812
10.2009601593017578
11.3468704223632812
12.0149002075195312
17.8444004058837891
28.4983196258544922
-18.3150196075439453
-18.3150196075439453
10.6116695404052734
-8.1833066940307617
-8.1833066940307617
101.3767013549804688
-42.5531883239746094
-42.5531883239746094
4.8053817749023438
-4.8053817749023438
-4.8053817749023438
8.1833066940307617
40.3137588500976562
-20.8811893463134766
-20.8811893463134766
124.7891998291015625
-104.1667022705078125
-104.1667022705078125
1214.5329589843750000
-1123.5949707031250000
-1123.5949707031250000
-5.7583789825439453
-5.7583789825439453
-85.1788787841796875
-85.1788787841796875
1543.6080322265625000
-15.4987096786499023
-15.4987096786499023
-93.2835769653320312
-93.2835769653320312
-53.1067504882812500
-53.1067504882812500
-16.8719406127929688
-16.8719406127929688
5.7583789825439453
149.5704040527343750
-64.3914871215820312
-64.3914871215820312
21.7773609161376953
-6.2786459922790527
-6.2786459922790527
6.2786459922790527
8.7950744628906250
-8.7950744628906250
-8.7950744628906250
45.5701484680175781
-20.8768291473388672
-20.8768291473388672
-15.8982496261596680
-15.8982496261596680
9.9613227844238281
16.7371501922607422
-8.3125505447387695
-8.3125505447387695
33.0112686157226562
10.2947301864624023
-5.7012538909912109
-5.7012538909912109
-4.5934767723083496
-4.5934767723083496
243.9951019287109375
-181.8182067871093750
-181.8182067871093750
-11.4155302047729492
-11.4155302047729492
-50.7614212036132812
-50.7614212036132812
278.1383972167968750
-46.6635589599609375
-46.6635589599609375
-5.4674692153930664
-5.4674692153930664
-28.7356300354003906
-28.7356300354003906
11.4155302047729492
77.5710830688476562
-26.8096504211425781
-26.8096504211425781
978.0083007812500000
-59.5238113403320312
-59.5238113403320312
-149.2536926269531250
-149.2536926269531250
14.1752700805664062
-10.5041999816894531
-10.5041999816894531
-3.6710720062255859
-3.6710720062255859
24.7521305084228516
-3.9936099052429199
-3.9936099052429199
-7.1530761718750000
-7.1530761718750000
27.5141391754150391
-14.7058801651000977
-14.7058801651000977
-5.7110219001770020
-5.7110219001770020
-7.0972318649291992
-7.0972318649291992
74.1439971923828125
-24.3902397155761719
-24.3902397155761719
-4.6446819305419922
-4.6446819305419922
238.1674041748046875
-200.0000000000000000
-200.0000000000000000
-8.1168832778930664
-8.1168832778930664
-11.1111097335815430
-11.1111097335815430
224.6878967285156250
15.2439002990722656
-15.2439002990722656
-15.2439002990722656
19.7585792541503906
-4.5146732330322266
-4.5146732330322266
36.4963493347167969
-36.4963493347167969
-36.4963493347167969
95.4541625976562500
-55.2486190795898438
-55.2486190795898438
-3.7091989517211914
-3.7091989517211914
100.6927032470703125
-19.3050193786621094
-19.3050193786621094
-65.7894668579101562
-65.7894668579101562
329.6231079101562500
-200.0000000000000000
-200.0000000000000000
-11.9760503768920898
-11.9760503768920898
-117.6470031738281250
-117.6470031738281250
285.1879882812500000
11.9760503768920898
144.4566955566406250
165.7238006591796875
-62.2084007263183594
-62.2084007263183594
-87.6424179077148438
-87.6424179077148438
82.1884384155273438
-58.0046386718750000
-58.0046386718750000
-24.1837997436523438
-24.1837997436523438
151.4337005615234375
-40.3225784301757812
-40.3225784301757812
48.5151596069335938
-4.4622941017150879
-4.4622941017150879
8.2308979034423828
-4.2372879981994629
-4.2372879981994629
26.7507801055908203
-9.3896713256835938
-9.3896713256835938
329.2193908691406250
-186.5671997070312500
-186.5671997070312500
-38.5802497863769531
-38.5802497863769531
-72.5163116455078125
-72.5163116455078125
28.6242408752441406
-27.1739101409912109
-27.1739101409912109
-1.4503259658813477
-1.4503259658813477
27.1739101409912109
36.9804000854492188
-30.1023502349853516
-30.1023502349853516
129.9703979492187500
99.0061874389648438
-78.1250000000000000
-78.1250000000000000
45.4867591857910156
-7.7124791145324707
-7.7124791145324707
20007.7109375000000000
-10000.0000000000000000
-10000.0000000000000000
-10000.0000000000000000
-10000.0000000000000000
10000.0000000000000000
10000.0000000000000000
10.8453702926635742
-7.5131478309631348
-7.5131478309631348
14.7567596435546875
-8.0000000000000000
-8.0000000000000000
1.4598540067672729
-1.4598540067672729
-1.4598540067672729
103.4288024902343750
-40.0000000000000000
-40.0000000000000000
-49.0196113586425781
-49.0196113586425781
49.4598503112792969
141.7922973632812500
-10.9673204421997070
-10.9673204421997070
-22.2717208862304688
-22.2717208862304688
-48.1540908813476562
-48.1540908813476562
-42.0168113708496094
-42.0168113708496094
545.1683959960937500
-90.7441024780273438
-90.7441024780273438
-90.0090026855468750
-90.0090026855468750
-89.1265563964843750
-89.1265563964843750
-28.6615104675292969
-28.6615104675292969
-60.0600585937500000
-60.0600585937500000
90.7441024780273438
90.0090026855468750
89.1265563964843750
204.9044036865234375
-4.9043650627136230
-4.9043650627136230
172.7261962890625000
-63.6942710876464844
-63.6942710876464844
-27.6243095397949219
-27.6243095397949219
26.7418003082275391
-5.7836899757385254
-5.7836899757385254
10.8049097061157227
10.9673204421997070
12.3300104141235352
-8.2781457901000977
-8.2781457901000977
6.8027210235595703
-6.8027210235595703
-6.8027210235595703
33.4146614074707031
-4.6339201927185059
-4.6339201927185059
146.1641998291015625
-72.2543334960937500
-72.2543334960937500
-73.9098281860351562
-73.9098281860351562
1493.0410156250000000
-17.2413806915283203
-17.2413806915283203
-26.8817195892333984
-26.8817195892333984
-18.1818199157714844
-18.1818199157714844
43.9259490966796875
-13.3155803680419922
-13.3155803680419922
-13.3689804077148438
-13.3689804077148438
13.3155803680419922
13.3689804077148438
27.8209705352783203
-9.5419845581054688
-9.5419845581054688
-8.3402833938598633
-8.3402833938598633
-6.3938617706298828
-6.3938617706298828
12.3225297927856445
-4.6772689819335938
-4.6772689819335938
-7.6452598571777344
-7.6452598571777344
278.5130920410156250
-81.6993484497070312
-81.6993484497070312
273.0466003417968750
-86.2068862915039062
-86.2068862915039062
-104.1667022705078125
-104.1667022705078125
-18.2815399169921875
-18.2815399169921875
86.2068862915039062
15.7582798004150391
-10.9528999328613281
-10.9528999328613281
42.0657806396484375
8.1168832778930664
273.4638061523437500
39.0280303955078125
-3.4928400516510010
-3.4928400516510010
-18.0831794738769531
-18.0831794738769531
-17.4520092010498047
-17.4520092010498047
151.9718933105468750
-49.0196113586425781
-49.0196113586425781
-49.0196113586425781
-49.0196113586425781
65.0280838012695312
-5.9665870666503906
-5.9665870666503906
-5.9665870666503906
-5.9665870666503906
124.4662017822265625
17.4520092010498047
59.0678291320800781
-4.0816330909729004
-4.0816330909729004
59.0678291320800781
-4.0816330909729004
-4.0816330909729004
4.0816330909729004
4.0816330909729004
10.7991399765014648
-10.7991399765014648
-10.7991399765014648
81.4247436523437500
-30.3030300140380859
-30.3030300140380859
39.0625000000000000
-39.0625000000000000
-39.0625000000000000
507.6857910156250000
-5.6818180084228516
-5.6818180084228516
-500.0000000000000000
-500.0000000000000000
-2.0040080547332764
-2.0040080547332764
328.2355957031250000
-212.7660064697265625
-212.7660064697265625
503.4153137207031250
2.0040080547332764
100.9094009399414062
-12.8024597167968750
-12.8024597167968750
5112.3847656250000000
-2000.0000000000000000
-2000.0000000000000000
-2000.0000000000000000
-2000.0000000000000000
-500.0000000000000000
-500.0000000000000000
-500.0000000000000000
-500.0000000000000000
-8.5106382369995117
-8.5106382369995117
-41.6666717529296875
-41.6666717529296875
2077.7858886718750000
-11.5606899261474609
-11.5606899261474609
-66.2251663208007812
-66.2251663208007812
11.5606899261474609
2077.7858886718750000
-11.5606899261474609
-11.5606899261474609
-66.2251663208007812
-66.2251663208007812
11.5606899261474609
1166.6519775390625000
-555.5554809570312500
-555.5554809570312500
17.5979309082031250
-13.2100400924682617
-13.2100400924682617
57.2854194641113281
-33.1016197204589844
-33.1016197204589844
46.6991996765136719
-45.2488708496093750
-45.2488708496093750
2286.1530761718750000
-370.3703918457031250
-370.3703918457031250
-370.3703918457031250
-370.3703918457031250
-370.3703918457031250
-370.3703918457031250
-41.3223190307617188
-41.3223190307617188
238.1107940673828125
-60.2409591674804688
-60.2409591674804688
-60.2409591674804688
-60.2409591674804688
-60.2409591674804688
-60.2409591674804688
-42.3728790283203125
-42.3728790283203125
13.4228200912475586
-13.4228200912475586
-13.4228200912475586
13.4228200912475586
-13.4228200912475586
-13.4228200912475586
13.4228200912475586
-13.4228200912475586
-13.4228200912475586
59.9258804321289062
9.6608133316040039
-6.4350070953369141
-6.4350070953369141
444.0340881347656250
444.0340881347656250
444.0340881347656250
69.4748535156250000
-3.8461539745330811
-3.8461539745330811
13.5643301010131836
-9.7181730270385742
-9.7181730270385742
16.5104904174804688
-12.0481901168823242
-12.0481901168823242
10029.6298828125000000
-9.0744085311889648
-9.0744085311889648
-10000.0000000000000000
-10000.0000000000000000
18.1818199157714844
-18.1818199157714844
-18.1818199157714844
1295.9589843750000000
15.6091403961181641
3.1055901050567627
-3.1055901050567627
-3.1055901050567627
1120.0040283203125000
74.3247375488281250
-64.9350662231445312
-64.9350662231445312
4.5871558189392090
-4.5871558189392090
-4.5871558189392090
9.6632986068725586
23.8960990905761719
-5.7142858505249023
-5.7142858505249023
92.8092880249023438
-14.6842899322509766
-14.6842899322509766
49.8710784912109375
12.2331895828247070
-6.5189051628112793
-6.5189051628112793
85.9659881591796875
81.9562988281250000
-44.6428604125976562
-44.6428604125976562
2.1645019054412842
-2.1645019054412842
-2.1645019054412842
74.3359069824218750
-3.6145451068878174
-3.6145451068878174
90.2128601074218750
10.4691095352172852
-2.3980820178985596
-2.3980820178985596
3.6145451068878174
63.8367195129394531
-19.1938591003417969
-19.1938591003417969
4.9731450080871582
90.8585205078125000
-3.6205649375915527
-3.6205649375915527
-12.0336904525756836
-12.0336904525756836
-29.0697708129882812
-29.0697708129882812
-21.8866291046142578
-21.8866291046142578
86.7836914062500000
-24.2130794525146484
-24.2130794525146484
-3.8109760284423828
-3.8109760284423828
-12.1951198577880859
-12.1951198577880859
-21.7391300201416016
-21.7391300201416016
-3.9904229640960693
-3.9904229640960693
38.1019706726074219
3.6205649375915527
3.8109760284423828
12.0336904525756836
12.1951198577880859
49.9030990600585938
-20.8333301544189453
-20.8333301544189453
10089.3095703125000000
-10000.0000000000000000
-10000.0000000000000000
9.4302692413330078
-6.0496068000793457
-6.0496068000793457
11.4339399337768555
192.3076934814453125
-192.3076934814453125
-192.3076934814453125
141.2346038818359375
-15.7853202819824219
-15.7853202819824219
-7.3588929176330566
-7.3588929176330566
-7.8733949661254883
-7.8733949661254883
-57.1102218627929688
-57.1102218627929688
32.0484390258789062
-8.1672649383544922
-8.1672649383544922
-8.0958547592163086
-8.0958547592163086
7.3588929176330566
8.1672649383544922
7.8733949661254883
8.0958547592163086
26.3810691833496094
42.5531883239746094
21.2314205169677734
-21.2314205169677734
-21.2314205169677734
1.1697269678115845
-1.1697269678115845
-1.1697269678115845
30.3739700317382812
-3.5223670005798340
-3.5223670005798340
-11.5740699768066406
-11.5740699768066406
262.9838867187500000
-188.6791992187500000
-188.6791992187500000
-13.6986303329467773
-13.6986303329467773
-60.6060600280761719
-60.6060600280761719
277.7793884277343750
-26.3088607788085938
-26.3088607788085938
-26.4830493927001953
-26.4830493927001953
13.6986303329467773
84.3590316772460938
111.3656997680664062
108.6043014526367188
-49.0196113586425781
-49.0196113586425781
123.0803985595703125
-92.5925903320312500
-92.5925903320312500
12.3307104110717773
8.5223665237426758
121.0169982910156250
-23.4741802215576172
-23.4741802215576172
74.5726699829101562
127.6411972045898438
-35.2112693786621094
-35.2112693786621094
-84.0336227416992188
-84.0336227416992188
-8.3963060379028320
-8.3963060379028320
78.4238967895507812
-9.8135433197021484
-9.8135433197021484
249.7548065185546875
-153.8460998535156250
-153.8460998535156250
-11.8750696182250977
-11.8750696182250977
123.4568023681640625
-123.4568023681640625
-123.4568023681640625
8.3963060379028320
133.2702941894531250
248.3153991699218750
109.3951034545898438
10.0350704193115234
18.1129093170166016
-1.6492940187454224
-1.6492940187454224
1.6492940187454224
8.2201461791992188
-2.5188920497894287
-2.5188920497894287
386.1499023437500000
209.3694000244140625
-138.3126068115234375
-138.3126068115234375
38.3333396911621094
-5.0000000000000000
-5.0000000000000000
13.2759704589843750
44.3075103759765625
133.2931060791015625
-10.5820102691650391
-10.5820102691650391
-23.5294094085693359
-23.5294094085693359
14.9202899932861328
13.9482498168945312
286.5965881347656250
19.0886402130126953
-13.8121500015258789
-13.8121500015258789
12.4631595611572266
85.6072769165039062
-37.4531898498535156
-37.4531898498535156
10037.4501953125000000
212.2223968505859375
4.2354931831359863
-4.2354931831359863
-4.2354931831359863
12.0418901443481445
21.7692394256591797
117.2839965820312500
-24.6913604736328125
-24.6913604736328125
60.4233818054199219
12.3725500106811523
-10.1625995635986328
-10.1625995635986328
31.5656604766845703
-31.5656604766845703
-31.5656604766845703
83.2819137573242188
-1.4144469499588013
-1.4144469499588013
2.5419418811798096
119.8663024902343750
-8.3333339691162109
-8.3333339691162109
-34.0135993957519531
-34.0135993957519531
-77.5193786621093750
-77.5193786621093750
8.3333339691162109
108.8544998168945312
343.4710998535156250
17.6870594024658203
42.0954818725585938
19.0460395812988281
-8.4817638397216797
-8.4817638397216797
51.3229293823242188
-6.7795009613037109
-6.7795009613037109
-22.2717208862304688
-22.2717208862304688
32.6174087524414062
9.9638872146606445
8.4817638397216797
30.2114791870117188
17.3611106872558594
66.7081680297851562
12.0783500671386719
490.5505065917968750
-240.9638977050781250
-240.9638977050781250
91.8750762939453125
-80.0000000000000000
-80.0000000000000000
492.3723144531250000
155.0668945312500000
3.7243950366973877
39.5029602050781250
-9.9700899124145508
-9.9700899124145508
10032.6201171875000000
-10.3448495864868164
-10.3448495864868164
57.5176391601562500
13.2874898910522461
66.6289367675781250
7.5188918113708496
6.7673897743225098
7.7579522132873535
-7.7579522132873535
-7.7579522132873535
26.1762790679931641
14.7082901000976562
19.6891193389892578
69.8580703735351562
-27.2479591369628906
-27.2479591369628906
-26.4550304412841797
-26.4550304412841797
-16.1550903320312500
-16.1550903320312500
83.5518264770507812
-39.0625000000000000
-39.0625000000000000
-17.2413806915283203
-17.2413806915283203
82.7589035034179688
-17.2413806915283203
-17.2413806915283203
10000.0000000000000000
-10000.0000000000000000
-10000.0000000000000000
185.1031951904296875
-6.6225171089172363
-6.6225171089172363
-6.5359477996826172
-6.5359477996826172
-6.5359477996826172
-6.5359477996826172
10039.0595703125000000
6.6225171089172363
6.5359477996826172
6.5359477996826172
73.4736709594726562
-65.7894668579101562
-65.7894668579101562
112.0369033813476562
10219.7099609375000000
-6.9444451332092285
-6.9444451332092285
-10000.0000000000000000
-10000.0000000000000000
80.4968032836914062
-9.2592592239379883
-9.2592592239379883
-2.2727270126342773
-2.2727270126342773
-2.2727270126342773
-2.2727270126342773
-3.7807190418243408
-3.7807190418243408
-3.8895370960235596
-3.8895370960235596
10000.0000000000000000
9.2592592239379883
2.2727270126342773
2.2727270126342773
3.7807190418243408
3.8895370960235596
9.5732269287109375
57.7426795959472656
6796.3398437500000000
-69.6136474609375000
-69.6136474609375000
-6666.6669921875000000
-6666.6669921875000000
313.5161132812500000
-243.9024047851562500
-243.9024047851562500
78.3364868164062500
-68.0272064208984375
-68.0272064208984375
-10.3092803955078125
-10.3092803955078125
56.0289115905761719
-11.9760503768920898
-11.9760503768920898
-44.0528602600097656
-44.0528602600097656
69.9848327636718750
-35.9712295532226562
-35.9712295532226562
60.1258201599121094
-24.1545906066894531
-24.1545906066894531
92.1817932128906250
418.9938964843750000
-33.8983001708984375
-33.8983001708984375
-29.7619094848632812
-29.7619094848632812
-44.4444389343261719
-44.4444389343261719
-44.4444389343261719
-44.4444389343261719
33.8983001708984375
29.7619094848632812
44.4444389343261719
44.4444389343261719
66.5424118041992188
18.2815399169921875
6841.9047851562500000
-32.0512809753417969
-32.0512809753417969
-70.6713790893554688
-70.6713790893554688
662.7050170898437500
-265.6041870117187500
-265.6041870117187500
-32.2580604553222656
-32.2580604553222656
-88.8888931274414062
-88.8888931274414062
318.8807983398437500
-53.2765007019042969
-53.2765007019042969
204.9703063964843750
-51.0204086303710938
-51.0204086303710938
-51.0204086303710938
-51.0204086303710938
51.0204086303710938
51.0204086303710938
142.1654052734375000
22.6244392395019531
162.3038024902343750
-72.1678466796875000
-72.1678466796875000
-45.4132614135742188
-45.4132614135742188
-44.7227210998535156
-44.7227210998535156
64.7997512817382812
-44.0528602600097656
-44.0528602600097656
-20.7468891143798828
-20.7468891143798828
170.2747955322265625
-54.0540504455566406
-54.0540504455566406
20.7468891143798828
54.0540504455566406
111.6383972167968750
110.9478988647460938
%%
0
15
45
266
1
3
2
51
185
1
3
7
119
157
428
431
4
114
5
149
432
6
17
164
366
425
3
7
8
421
9
204
276
10
411
435
11
12
13
15
11
12
11
13
14
15
0
11
14
15
16
18
56
15
16
19
20
280
333
6
17
15
18
16
19
16
20
21
22
139
21
22
139
154
196
23
24
23
24
156
169
25
98
424
26
27
26
27
84
172
28
306
315
29
30
29
30
181
185
31
375
443
32
33
238
32
33
34
221
35
324
418
36
146
261
37
38
397
37
38
39
280
38
39
416
40
46
327
412
41
171
327
42
174
43
101
285
44
173
202
263
284
0
45
252
40
46
152
284
47
204
270
282
305
48
49
113
454
48
49
237
330
441
50
81
408
2
51
396
52
270
309
53
161
405
54
268
362
55
123
223
15
56
83
57
58
59
57
58
346
376
57
59
60
331
417
61
437
62
63
88
189
393
62
63
64
65
427
435
64
65
66
68
69
70
67
69
71
72
213
66
68
66
67
69
70
71
141
310
319
66
69
70
73
74
75
90
352
67
69
71
211
212
439
463
67
72
70
73
70
74
70
75
76
77
186
263
76
77
122
264
78
79
213
420
78
79
146
251
354
392
436
80
395
456
50
81
286
82
386
422
56
83
172
27
84
87
115
274
453
85
87
86
87
235
84
85
86
87
62
88
325
89
90
385
70
89
90
92
93
94
370
91
94
386
90
92
90
93
90
91
94
95
94
95
96
325
421
97
149
155
25
98
223
99
157
219
390
100
101
43
100
101
177
232
285
102
305
428
103
104
190
256
262
103
104
105
254
106
245
333
107
190
379
108
111
109
111
110
111
108
109
110
111
122
178
297
112
262
336
377
415
48
113
114
284
4
113
114
353
84
115
116
115
116
118
117
123
345
116
118
345
3
119
428
120
122
121
122
186
263
296
77
111
120
121
122
178
264
55
117
123
124
125
124
125
384
126
128
225
127
224
437
126
128
129
140
130
140
131
140
132
141
133
142
134
139
135
140
141
143
136
140
141
144
137
198
339
138
146
21
22
134
139
129
130
131
135
136
140
69
132
135
136
141
142
472
477
486
133
141
142
241
135
143
136
144
145
182
244
338
36
79
138
146
147
433
442
148
149
216
5
97
148
149
396
150
152
153
154
151
152
153
154
46
150
151
152
202
150
151
153
22
150
151
154
240
97
155
156
24
155
156
3
99
157
158
159
182
247
387
391
158
159
368
398
160
409
53
161
354
162
166
245
163
166
230
416
469
6
164
165
340
422
162
163
166
167
168
167
168
343
399
24
169
324
170
171
41
170
171
27
83
172
201
44
173
174
284
42
173
174
175
463
176
225
101
177
339
111
122
178
179
180
179
180
232
30
181
145
158
182
183
184
247
182
183
182
184
2
30
185
76
121
186
187
197
211
188
189
62
188
189
400
103
107
190
191
194
195
373
379
415
190
191
192
193
191
192
191
193
190
194
190
195
22
196
464
187
197
200
137
198
363
199
279
197
200
172
201
246
44
152
202
296
203
204
205
206
9
47
203
204
207
282
356
368
203
205
203
206
277
204
207
208
207
208
209
210
209
210
456
464
71
187
211
71
212
443
67
78
213
214
389
439
215
216
217
218
148
215
216
276
285
428
215
217
215
218
234
99
219
270
448
220
366
463
34
221
239
435
222
344
397
406
55
98
223
376
453
127
224
225
281
376
126
176
224
225
226
227
226
227
419
228
229
228
229
314
435
163
230
385
472
231
232
233
234
101
180
231
232
231
233
218
231
234
86
235
300
398
236
299
307
49
237
293
32
238
321
221
239
421
154
240
328
142
241
257
430
479
242
243
308
242
243
145
244
299
106
162
245
201
246
332
158
182
247
248
247
248
249
250
248
249
248
250
79
251
362
45
252
255
253
255
105
254
255
384
252
253
254
255
103
256
265
335
401
426
241
257
258
259
260
430
465
257
258
257
259
257
260
36
261
442
103
112
262
335
377
44
76
121
263
264
77
122
263
264
256
265
0
266
406
267
268
54
267
268
421
269
371
403
47
52
219
270
271
309
376
270
271
272
273
271
272
271
273
84
274
344
374
406
275
314
393
9
216
276
431
206
277
278
430
478
277
278
199
279
280
16
38
279
280
224
281
47
204
282
283
284
286
287
44
46
113
173
283
284
288
289
43
101
216
285
288
289
81
283
286
283
287
284
285
288
290
284
285
289
291
288
290
289
291
292
293
237
292
293
418
294
446
295
296
297
298
121
202
295
296
455
111
295
297
295
298
236
244
299
371
235
300
301
303
305
309
322
428
300
301
302
492
301
302
300
303
304
493
303
304
47
102
300
305
309
28
306
433
236
307
372
242
308
408
52
270
300
305
309
316
317
318
390
69
310
316
317
318
319
311
316
312
317
313
318
229
275
314
28
315
427
309
310
311
316
309
310
312
317
309
310
313
318
69
310
319
320
319
320
400
238
321
322
300
321
322
339
434
323
324
35
169
323
324
88
96
325
326
327
40
41
326
327
240
328
395
329
330
49
329
330
60
331
334
246
332
391
16
106
333
331
334
433
256
262
335
112
336
342
337
393
145
338
341
137
177
322
339
165
340
422
338
341
336
342
415
168
343
222
274
344
347
349
351
352
117
118
345
346
348
350
352
374
58
345
346
344
347
345
348
344
349
345
350
344
351
394
70
344
345
352
402
114
353
419
79
161
354
355
384
204
356
357
358
360
398
356
357
359
361
356
358
357
359
356
360
357
361
54
251
362
198
363
364
437
365
366
6
220
365
366
375
425
367
368
369
370
159
204
367
368
371
372
367
369
90
367
370
269
299
368
371
307
368
372
391
190
373
407
274
345
374
31
366
375
58
223
224
270
376
394
112
262
377
378
379
380
382
107
190
378
379
383
378
380
416
429
381
383
378
382
379
381
383
125
254
355
384
89
230
385
82
91
386
158
387
388
387
388
214
389
438
99
309
390
158
332
372
391
403
79
392
438
62
275
337
393
351
376
394
80
328
395
456
464
51
149
396
37
222
397
159
235
356
398
168
399
441
189
320
400
256
401
402
352
401
402
269
391
403
404
405
53
404
405
222
266
274
406
373
407
426
50
308
408
160
409
417
410
411
10
410
411
436
40
412
413
414
415
416
413
414
112
190
342
413
415
39
163
380
413
416
60
409
417
35
293
418
227
353
419
423
78
420
421
434
8
96
239
268
420
421
82
165
340
422
419
423
25
424
6
366
425
256
407
426
64
315
427
3
102
119
216
300
428
430
380
429
430
241
257
277
428
429
430
3
276
431
5
432
147
306
334
433
436
322
420
434
435
10
64
221
229
434
435
79
411
433
436
61
127
364
437
389
392
438
71
214
439
440
441
49
399
440
441
147
261
442
31
212
443
444
445
446
448
444
445
449
454
294
444
446
454
447
449
219
444
448
450
451
452
445
447
449
448
450
448
451
448
452
84
223
453
454
48
445
446
453
454
296
455
456
457
80
210
395
455
456
458
459
460
461
462
455
457
456
458
456
459
456
460
456
461
456
462
71
175
220
463
196
210
395
464
257
465
466
479
465
466
480
467
471
477
468
472
477
163
469
470
469
470
471
467
470
471
141
230
468
472
473
474
475
476
472
473
472
474
472
475
472
476
141
467
468
477
277
478
241
465
479
480
482
466
479
480
481
482
485
480
481
485
479
480
482
483
484
482
483
482
484
480
481
485
141
486
487
489
492
493
488
489
490
487
488
489
491
488
490
489
491
301
487
492
303
487
493
%%
0
4
6
9
16
18
21
26
28
30
33
36
40
42
44
46
53
59
61
63
65
67
70
75
77
81
84
86
90
93
95
99
102
105
107
109
112
115
118
122
125
129
132
134
137
142
145
149
154
158
163
166
169
172
175
178
181
184
187
191
193
196
198
203
205
209
211
215
220
222
230
238
245
247
249
251
253
257
261
265
272
275
278
281
284
290
292
295
299
302
305
312
315
317
319
323
325
328
331
334
338
340
346
349
354
356
358
361
364
366
368
370
377
382
386
390
393
396
399
402
405
407
412
419
422
424
427
430
433
435
437
439
441
443
445
447
451
455
458
460
464
470
479
483
485
487
491
495
498
501
506
510
514
519
522
527
530
533
536
542
546
548
551
554
559
561
564
567
569
573
576
578
581
585
589
592
594
596
599
602
604
607
609
615
617
619
622
625
628
630
634
643
647
649
651
653
655
658
661
664
666
668
671
675
679
687
689
692
695
697
699
703
706
709
712
715
719
725
727
730
734
737
741
745
750
755
759
761
764
766
770
774
778
782
784
787
791
794
797
800
803
806
811
814
816
819
822
825
829
833
835
837
840
843
845
849
853
859
866
868
870
872
875
880
885
889
891
894
896
900
903
910
914
916
918
923
926
930
935
937
940
944
946
949
953
961
967
970
972
976
980
982
984
986
990
992
996
1001
1004
1006
1010
1018
1022
1024
1028
1030
1035
1038
1041
1044
1053
1059
1061
1063
1065
1068
1071
1075
1079
1083
1087
1090
1093
1098
1100
1104
1107
1109
1113
1116
1118
1121
1124
1127
1130
1133
1136
1139
1141
1144
1148
1151
1153
1156
1158
1165
1173
1176
1178
1180
1182
1184
1187
1192
1195
1198
1200
1206
1210
1212
1214
1216
1218
1221
1223
1225
1227
1233
1237
1243
1245
1248
1252
1256
1259
1262
1265
1271
1274
1278
1283
1287
1289
1291
1294
1298
1301
1304
1307
1309
1312
1315
1320
1323
1327
1330
1335
1338
1341
1345
1348
1351
1354
1357
1360
1362
1365
1369
1372
1375
1378
1380
1384
1386
1390
1392
1397
1402
1405
1408
1412
1416
1422
1426
1428
1430
1433
1436
1439
1446
1449
1455
1458
1460
1465
1469
1475
1479
1483
1486
1489
1491
1495
1498
1501
1505
1509
1513
1515
1521
1524
1526
1528
1530
1534
1539
1543
1553
1555
1557
1559
1561
1563
1565
1569
1573
1577
1580
1583
1586
1589
1592
1595
1603
1605
1607
1609
1611
1615
1617
1622
1628
1631
1636
1638
1640
1643
1645
1649
1652
1656
1658
1660
1663
1666
%%
0.8483178615570068
0.6706497669219971
0.9316474199295044
0.8259915709495544
0.0749141126871109
0.6127769947052002
0.3243125975131989
0.4042432606220245
0.4889217019081116
0.0563064552843571
0.2003220021724701
0.4506810009479523
0.2465207874774933
0.6728182435035706
0.5009444952011108
0.2093887627124786
0.3833875656127930
0.2629049718379974
0.8638473153114319
0.0068903570063412
0.4270323812961578
0.6741981506347656
0.0263683199882507
0.8026359081268311
0.1798125207424164
0.6615563631057739
0.5388504266738892
0.2011487632989883
0.9782153367996216
0.2966113388538361
0.8309093117713928
0.5350149273872375
0.8577368259429932
0.7123884558677673
0.9543748497962952
0.8801106214523315
0.8490474224090576
0.1057599782943726
0.3694121539592743
0.7736908793449402
0.3352441191673279
0.1150862053036690
0.7552438974380493
0.3439478278160095
0.2817087471485138
0.2162976562976837
0.4852359890937805
0.0057640499435365
0.7268003821372986
0.5205619335174561
0.6343918442726135
0.1837588846683502
0.2104079425334930
0.1072048097848892
0.0395947061479092
0.9330220818519592
0.0400209985673428
0.0781877562403679
0.2976758480072021
0.6604415178298950
0.9521082043647766
0.0055543258786201
0.1866873651742935
0.2113213539123535
0.7358651161193848
0.4166370928287506
0.1361097395420074
0.2489126324653625
0.9090931415557861
0.8804237246513367
0.4604792296886444
0.9114630818367004
0.5769636631011963
0.2122197151184082
0.8616704344749451
0.1872496008872986
0.8767687678337097
0.0283493567258120
0.0279669407755136
0.0011739769252017
0.8816612362861633
0.2587451338768005
0.1866195648908615
0.6134284138679504
0.7633503079414368
0.7960136532783508
0.2150746881961823
0.4417212605476379
0.1339641362428665
0.3538190424442291
0.7161428928375244
0.4820827543735504
0.1365021467208862
0.7270079255104065
0.5001932382583618
0.5540294051170349
0.8470236063003540
0.6844720244407654
0.4470622241497040
0.7395825982093811
0.7140811681747437
0.1689867824316025
0.0127652175724506
0.7390011548995972
0.3876666128635406
0.3889554738998413
0.9958894848823547
0.0158743821084499
0.0926458761096001
0.2794561386108398
0.9676672220230103
0.5488249659538269
0.3736362755298615
0.9939879179000854
0.0488822944462299
0.3265921771526337
0.4076365530490875
0.7380059361457825
0.4603180885314941
0.2686659991741180
0.2873166799545288
0.0140301864594221
0.4365584254264832
0.0345076322555542
0.5850197076797485
0.7098586559295654
0.9590814113616943
0.8804033398628235
0.9980595707893372
0.1311251819133759
0.6068136096000671
0.1738269776105881
0.7043815255165100
0.9467849731445312
0.1974515914916992
0.0635165497660637
0.6575472354888916
0.8045666217803955
0.9454610943794250
0.5500252246856689
0.5747363567352295
0.2960850000381470
0.2194919735193253
0.3791679441928864
0.5763745307922363
0.3318679332733154
0.7153851985931396
0.1383370310068130
0.8911010622978210
0.9622471332550049
0.5206280350685120
0.0008209235966206
0.1501220613718033
0.2858982682228088
0.3812301754951477
0.9627032876014709
0.0463248305022717
0.5536462068557739
0.4254903793334961
0.0203918498009443
0.4973494112491608
0.2673520743846893
0.4281354844570160
0.3587292134761810
0.1142915114760399
0.0093934768810868
0.0804645419120789
0.0284739993512630
0.4373515546321869
0.5054041743278503
0.2582269012928009
0.8181934952735901
0.7683934569358826
0.5459306240081787
0.0766898915171623
0.9984011650085449
0.8463122844696045
0.4788925051689148
0.1107166707515717
0.9047358036041260
0.5840613245964050
0.6958031654357910
0.8557125926017761
0.0826713368296623
0.4838001728057861
0.2449075132608414
0.0621016323566437
0.4332419633865356
0.1310235708951950
0.7481090426445007
0.3776118755340576
0.3337436318397522
0.3530460894107819
0.1288111507892609
0.4149216711521149
0.1393425166606903
0.2064459174871445
0.3694359064102173
0.8343917131423950
0.2161886245012283
0.0932775065302849
0.0868289545178413
0.2731170058250427
0.2809661030769348
0.3356228768825531
0.6834390759468079
0.3267963230609894
0.6599493026733398
0.0435681417584419
0.0703576281666756
0.7228303551673889
0.8851721286773682
0.2107907980680466
0.0784159004688263
0.9615694284439087
0.6775815486907959
0.9326414465904236
0.8723857998847961
0.9394618868827820
0.3442387282848358
0.1764777302742004
0.7488398551940918
0.3732788264751434
0.6865869760513306
0.4000735878944397
0.5721400380134583
0.1120309382677078
0.5113942027091980
0.0511100254952908
0.7175259590148926
0.8575182557106018
0.5784878730773926
0.1349654644727707
0.1192925944924355
0.9723092913627625
0.3728264570236206
0.8067179322242737
0.3324480354785919
0.4657453894615173
0.7348138093948364
0.8214647173881531
0.9113418459892273
0.6642716526985168
0.0133558735251427
0.2924958169460297
0.0444334372878075
0.9396144151687622
0.7655889987945557
0.6692048311233521
0.8380836844444275
0.4554570615291595
0.6909078359603882
0.0154017303138971
0.8479124903678894
0.9462209343910217
0.7677202224731445
0.9279331564903259
0.5153326988220215
0.8926116228103638
0.8930457830429077
0.9844385981559753
0.6018790602684021
0.8235300779342651
0.0665720403194427
0.1171662509441376
0.5962448716163635
0.9738432168960571
0.3392590880393982
0.1702802032232285
0.1112857237458229
0.9700813293457031
0.5367885231971741
0.3431322574615479
0.9916239976882935
0.3521808087825775
0.8331481218338013
0.6456496715545654
0.2994661331176758
0.0078332098200917
0.8627726435661316
0.2780721187591553
0.6182354092597961
0.9308493137359619
0.6149876117706299
0.3391027748584747
0.3531793653964996
0.6387221813201904
0.5143005251884460
0.1387667953968048
0.5926468968391418
0.3193379938602448
0.3649024963378906
0.2938847839832306
0.5343363285064697
0.3760463297367096
0.5725036263465881
0.1542553454637527
0.3174075782299042
0.6639159321784973
0.3751798272132874
0.3564936220645905
0.6578860878944397
0.4878134429454803
0.9332728981971741
0.0345427691936493
0.1146445497870445
0.5848943591117859
0.1662239730358124
0.0693781673908234
0.8694019913673401
0.2191364914178848
0.7499672174453735
0.2761112451553345
0.7271363735198975
0.2440285235643387
0.9430020451545715
0.1440250724554062
0.4132824540138245
0.7614656090736389
0.4837363660335541
0.9809619784355164
0.4671709239482880
0.9348033070564270
0.4537214636802673
0.7552137970924377
0.7954668402671814
0.6065311431884766
0.2438655048608780
0.5503350496292114
0.4419460892677307
0.6275061368942261
0.6777206063270569
0.0111472336575389
0.9957734346389771
0.1246312856674194
0.2480800896883011
0.4231461584568024
0.1280404031276703
0.6484414935112000
0.3644668757915497
0.2337922155857086
0.9616873264312744
0.6779685616493225
0.1868708729743958
0.8782741427421570
0.6930411458015442
0.6177009940147400
0.5780037045478821
0.2939854562282562
0.5608423948287964
0.8761872053146362
0.6441989541053772
0.1810071170330048
0.9713249802589417
0.8720289468765259
0.4294390082359314
0.2532811164855957
0.8969774842262268
0.6100118160247803
0.1960699558258057
0.9301354885101318
0.7224530577659607
0.5191028118133545
0.1268090009689331
0.1431706994771957
0.9397683739662170
0.1708568781614304
0.5315018296241760
0.6242359876632690
0.2254886180162430
0.9782736897468567
0.0429141148924828
0.9891683459281921
0.2024717628955841
0.0196826085448265
0.6910933852195740
0.2768293321132660
0.7314733266830444
0.0768308863043785
0.1551093906164169
0.6270658969879150
0.6743060946464539
0.3147389590740204
0.4556540250778198
0.5336071252822876
0.4432436823844910
0.0120537998154759
0.5606860518455505
0.5307654738426208
0.6319108605384827
0.5153605937957764
0.0116703072562814
0.7528566122055054
0.2322452366352081
0.7033589482307434
0.3536862432956696
0.3209196627140045
0.1158322691917419
0.4410043060779572
0.9634522795677185
0.0111739868298173
0.8487322926521301
0.2863026857376099
0.4353499412536621
0.2683100998401642
0.6302969455718994
0.2979827225208282
0.1274088621139526
0.3721852898597717
0.2453010678291321
0.1633665710687637
0.7126333117485046
0.6533281803131104
0.5808262825012207
0.2843454182147980
0.5096368193626404
0.9051319360733032
0.4906882941722870
0.5983082652091980
0.6495881080627441
0.5757791996002197
0.0233123321086168
0.2692903280258179
0.0041469810530543
0.6096013784408569
0.8805596828460693
0.0901025757193565
0.2018707096576691
0.4634050130844116
0.3379314541816711
0.6204605102539062
0.4753747284412384
0.5112592577934265
0.6616274118423462
0.4937665462493896
0.3197317719459534
0.4695717096328735
0.2874055802822113
0.9097123146057129
0.0698162838816643
0.3201641440391541
0.5185972452163696
0.9905173182487488
0.3712390661239624
0.0056370343081653
0.0395522601902485
0.3921535015106201
0.8522029519081116
0.3346194624900818
0.6429232954978943
0.6360433697700500
0.1716043204069138
0.5201155543327332
0.0245860777795315
0.4362019896507263
0.1192679852247238
0.3809198737144470
0.2251123189926147
0.5670534968376160
0.2278627008199692
0.0529453232884407
0.6021001935005188
0.6790772676467896
0.7716493606567383
0.2868627607822418
0.7086536288261414
0.9392660260200500
0.6378489136695862
0.5753465294837952
0.9778896570205688
0.6541005373001099
0.6175561547279358
0.2817555963993073
0.1438112407922745
0.6612642407417297
0.5655215382575989
0.9423159360885620
0.8964914083480835
0.9174747467041016
0.4929803311824799
0.9779240489006042
0.3181048035621643
0.2986892461776733
0.2571762204170227
0.1916000694036484
0.5341139435768127
0.7468217015266418
0.4481070935726166
0.5936366319656372
0.7442557215690613
0.5410113930702209
0.0755455046892166
0.0748945400118828
0.0881736651062965
